c0 =  -2.085610884516818
c1 =  3.0662859011149024
c2 =  -1.0211919253594293
c3 =  3.9501690147559523
c4 =  -15226578203125.03
c5 =  -0.24117197260615503
